256 512
138 190
164 211
32 155
160 139
140 222
210 242
92 35
13 98
97 52
147 127
79 40
102 174
26 183
161 30
202 46
215 153
30 213
237 94
106 147
100 11
143 20
138 46
174 9
149 181
219 118
170 225
52 92
234 91
134 147
243 133
105 112
164 194
69 141
197 174
32 179
166 142
95 182
155 5
199 86
29 160
90 40
205 235
216 144
220 217
66 64
175 99
153 68
50 241
230 24
142 24
33 90
181 40
101 186
142 144
130 74
207 220
114 130
106 229
83 141
170 163
22 145
64 223
173 38
142 140
105 204
153 162
80 253
11 24
160 128
226 197
68 82
254 242
77 232
1 106
174 109
53 66
5 199
116 29
231 172
70 26
30 12
219 254
46 7
36 48
127 170
240 255
183 2
121 158
86 55
164 176
38 201
201 122
78 242
222 231
63 156
133 11
3 182
204 244
70 24
0 123
246 181
136 73
223 250
177 74
125 109
59 97
46 187
207 18
66 27
177 174
209 113
223 54
151 87
6 37
155 67
163 125
248 152
62 145
45 159
13 114
68 238
78 111
77 67
238 98
202 114
16 227
213 186
111 16
154 111
74 219
125 18
198 67
24 89
76 36
243 223
240 223
162 206
169 78
91 192
126 75
54 70
192 8
126 70
120 17
166 60
78 247
175 77
152 14
25 211
14 24
62 14
68 119
61 241
208 250
133 210
190 28
222 119
200 103
174 0
117 0
3 125
119 213
217 229
122 228
244 186
255 238
135 137
19 67
50 250
92 68
51 2
115 54
153 170
109 23
124 150
156 181
167 117
49 215
35 124
114 235
52 57
73 1
182 21
127 141
65 109
159 149
246 15
133 209
78 146
215 174
213 157
73 131
134 209
252 125
39 9
192 221
225 171
23 179
103 12
127 133
114 206
28 92
49 74
248 211
147 251
74 120
66 232
229 228
15 21
114 21
81 52
145 197
61 161
201 34
63 254
76 193
102 151
26 93
9 128
24 64
226 98
5 58
246 72
238 5
205 144
59 104
147 43
80 163
117 3
116 91
97 12
102 10
40 143
95 148
147 27
206 105
218 145
155 62
190 112
214 12
233 83
169 197
222 151
77 86
18 186
8 80
130 154
59 195
239 29
220 93
18 115
248 29
126 196
188 97
28 30
200 228
164 187
131 8
107 15
214 184
146 102
241 194
77 152
192 17
198 83
191 46
71 89
196 25
75 17
1 233
19 1
109 64
59 244
58 45
193 50
35 179
239 213
104 239
64 19
121 187
197 63
223 30
240 200
209 206
37 244
162 16
156 3
240 7
0 145
125 164
58 239
21 246
181 153
103 48
166 125
252 214
25 108
119 207
128 101
68 123
26 63
221 112
246 215
141 105
247 20
184 164
171 19
92 1
75 59
85 163
163 146
92 45
46 150
197 184
27 76
83 37
240 18
236 202
254 182
221 247
132 139
39 173
99 247
143 133
70 166
159 227
54 56
166 222
206 4
18 40
117 107
31 157
150 32
76 111
132 107
137 156
191 7
55 13
52 141
209 15
171 203
101 240
108 171
70 17
119 6
36 193
190 104
82 228
78 155
232 92
200 77
219 133
34 140
170 193
217 186
210 151
237 85
102 40
66 218
148 162
4 94
167 70
252 255
22 82
152 67
30 226
112 159
231 244
12 87
233 147
14 66
106 255
242 0
84 1
124 97
239 245
162 64
67 244
143 96
233 56
88 188
135 30
1 108
91 53
1 131
243 217
0 63
10 75
46 134
39 111
71 112
44 248
172 99
136 135
201 67
99 155
121 157
234 68
90 129
135 187
138 35
106 36
217 191
124 203
210 132
178 5
186 61
3 185
78 248
163 25
253 89
57 38
241 211
240 193
105 140
166 121
242 74
125 186
132 222
211 102
158 71
113 68
100 19
191 31
0 94
201 17
105 125
115 43
39 101
166 183
218 254
132 238
93 224
152 20
251 139
56 81
241 212
242 84
30 52
7 213
20 57
27 237
211 67
215 209
241 187
139 115
202 56
152 16
16 200
8 159
156 105
165 99
234 184
226 130
73 165
38 221
186 67
218 159
207 245
136 75
47 56
140 27
34 93
32 157
85 103
62 68
105 84
127 72
123 226
92 139
75 185
33 21
196 83
147 210
173 255
84 107
46 165
213 207
5 65
130 30
29 21
76 19
165 98
219 8
46 228
229 25
186 254
127 145
2 253
19 83
45 61
139 212
72 17
171 250
85 253
167 158
238 129
249 217
192 186
180 134
12 47
103 119
159 57
69 17
248 174
80 236
192 27
128 220
59 91
85 205
89 33
3 215
1 3 4 7 8 10 13 14 17 19 20 22 25 26 28 30 32 34 37 38 40 42 44 47 49 51 52 54 56 59 60 62 65 67 69 70 72 75 77 78 81 83 85 86 88 90 93 95 96 99 101 103 104 106 109 111 113 114 116 118 120 123 125 127 129 131 132 134 136 139 141 142 145 146 149 150 153 155 156 158 160 162 164 167 168 171 173 174 176 179 181 182 185 187 188 190 192 195 197 199 201 202 204 207 209 211 212 215 217 218 221 222 225 226 229 230 232 235 237 238 241 243 245 246 248 250 253 255 
