100
j2jA1i:_>5+~`Zph&c>hrX!aDA4IEG]JXHj$L 11
4 5 9 13 44 46 52 59 75 92 95
ssH{;|9k~819%&spnm\87`?!tn 66
0 1 2 3 4 5 6 7 8 9 10 11 12 13 15 16 18 19 21 24 25 26 27 28 29 30 31 32 33 38 39 40 42 44 45 46 47 49 50 51 52 53 54 55 56 57 59 67 78 80 83 85 86 87 88 89 90 91 92 93 94 95 96 97 98 99
CPXgr:1QjDO!qz/rC!{wlxSQyd+8T(^vrQxek*QVM"qY{;LY; 11
6 17 27 45 46 48 53 66 68 74 98
l\gY9Oify;W-P3eP5lY,"Ys.L 84
0 1 2 3 4 5 6 7 8 9 10 11 13 15 16 17 18 19 20 21 22 23 26 27 28 29 30 31 32 33 34 35 36 37 38 39 40 41 42 43 44 45 46 47 48 49 50 51 52 53 54 55 56 57 58 59 60 61 63 64 71 72 74 75 76 77 78 79 81 82 83 84 86 89 90 91 92 93 94 95 96 97 98 99
ZJ4hTBbx~$o+*Oo?R= 16
3 4 7 13 30 39 49 50 51 53 54 62 90 92 93 98
v~]"4`4-&LdMX%ix_{>zqH9h[dnV< 51
2 4 11 17 19 21 23 24 27 29 31 32 33 34 35 39 41 42 46 49 52 53 58 59 60 61 62 63 64 65 66 67 68 69 70 72 77 78 79 80 82 83 84 85 87 89 93 94 95 96 98
X0`)?UP;ohmug'A;+F/6P|r 34
1 2 3 4 9 11 16 17 18 19 20 21 22 26 28 30 34 37 38 44 46 48 49 50 52 54 59 61 65 73 76 85 86 91
"_~UMDJ?oH6= 59
0 1 2 7 8 12 14 15 16 17 21 26 27 28 29 30 32 33 36 37 39 40 45 46 47 48 49 54 55 60 63 64 65 66 67 68 69 72 73 74 75 79 80 81 82 83 84 85 86 87 88 89 90 91 92 93 95 97 99
ZJ4hTBbx~$o+*Oo?R= 90
1 3 4 5 6 7 8 9 10 11 12 13 15 16 17 18 19 20 22 23 24 25 26 27 28 29 30 31 32 33 34 35 36 37 38 39 40 41 42 43 44 45 46 47 48 49 50 51 52 53 54 55 56 57 58 59 60 61 62 63 64 65 67 70 71 72 74 75 76 77 78 79 80 81 82 83 84 85 86 87 90 91 92 93 94 95 96 97 98 99
MC}z~)Y_r@w%!t#^D*S91ECG/]7xc6N2rfGqn;Q{[J"u?$U| 21
0 1 7 9 13 23 29 36 43 60 66 68 71 73 74 80 83 87 88 98 99
6+dbz0w1>fPtj-DINA+C`OL}2`abDO(sslWo7i;Tj'd 48
0 1 2 5 8 9 10 11 13 14 15 16 17 18 19 20 21 22 25 28 29 30 31 32 35 42 43 45 49 60 61 64 65 66 70 71 74 78 79 80 81 82 93 95 96 97 98 99
6+dbz0w1>fPtj-DINA+C`OL}2`abDO(sslWo7i;Tj'd 62
1 4 5 6 7 8 11 12 13 14 15 16 17 18 21 22 23 24 25 28 29 30 31 32 35 37 39 40 41 42 45 46 47 50 53 56 58 62 67 68 69 70 71 72 74 75 76 77 78 79 80 81 84 85 87 89 90 91 92 93 97 98
MC}z~)Y_r@w%!t#^D*S91ECG/]7xc6N2rfGqn;Q{[J"u?$U| 56
2 3 7 8 9 10 11 12 13 14 15 21 22 26 28 30 32 33 34 35 36 37 38 39 41 42 45 46 49 52 53 54 62 63 64 65 67 71 72 73 74 79 80 81 82 83 85 86 88 89 90 91 96 97 98 99
fsD6:"{r7iJB`gg9<J9F8+H9HGt#}p;~d^5:yKG26pm1rUc/:7nQA7%hx 22
9 15 20 25 26 29 31 32 35 43 46 47 58 60 70 78 81 82 83 86 88 97
7iQ`</p4CpJB)fIj,',OSYWurwY'Y^Xob*k9R\f0M1QV3y[>!g(n[y~h-XoeQHp 53
0 1 2 3 4 5 6 7 8 9 10 11 12 14 20 22 23 24 27 30 32 34 36 38 39 40 41 42 43 46 51 54 55 56 58 63 64 67 74 77 78 80 81 83 84 92 93 94 95 96 97 98 99
/5f\%yHJ$!nr1g,9]ZFjo4$3^E8W.q@<AA3E;[o>[x1'`=? 50
0 6 7 8 12 13 17 18 20 21 22 23 24 25 26 27 28 29 30 31 32 33 36 37 38 40 41 42 43 47 48 49 50 51 57 58 59 63 66 67 69 73 74 77 79 83 87 88 91 97
%"7N`'OaX6<N`751hY0*gkvRSmEZW1}[M5E.</ns_E\@\pk_d6h 92
0 1 2 3 4 5 6 7 8 9 10 11 12 13 16 17 19 21 22 23 24 25 26 27 28 29 30 31 32 33 34 35 36 37 38 39 40 41 42 43 44 45 46 47 48 49 50 51 52 53 54 57 58 59 60 61 62 63 64 65 66 67 68 70 71 72 73 74 75 76 77 78 79 80 81 82 83 84 85 86 87 88 89 90 91 92 93 94 95 96 98 99
}D6+2GY}mOA~[@!^4|^A0cuO<kRm.vlFU=QfdE~Rs@kOyk.HilixP_c'L 72
0 1 2 3 4 5 6 7 8 9 10 11 12 13 14 15 16 17 18 19 20 21 22 23 24 25 26 27 32 33 36 38 39 40 43 48 50 51 52 53 54 57 59 60 63 71 72 75 76 77 78 79 80 81 82 83 84 85 86 87 88 89 90 91 92 93 94 95 96 97 98 99
:'IxLB4\d6qmvOlFZ)2-~ehY|er3%U@X[hQBE 11
15 18 24 30 34 54 65 67 69 75 76
fsD6:"{r7iJB`gg9<J9F8+H9HGt#}p;~d^5:yKG26pm1rUc/:7nQA7%hx 44
5 7 8 10 13 14 15 16 17 18 19 22 23 24 25 26 27 30 31 32 42 44 45 49 51 52 54 58 63 65 68 71 73 74 82 86 87 89 90 91 92 93 98 99
=#V=!cl<|6?[>|2l@:)b]O5a/siQ,I5Hej~fhl=e=v[ 55
1 2 3 4 5 6 9 10 12 13 15 17 18 21 22 23 25 27 31 33 35 36 37 39 43 45 46 47 48 50 55 56 57 58 59 60 61 63 64 65 66 67 68 69 70 71 72 73 74 78 80 81 87 88 90
ZJ4hTBbx~$o+*Oo?R= 99
0 1 2 3 4 5 6 8 9 10 11 12 13 14 15 16 17 18 19 20 21 22 23 24 25 26 27 28 29 30 31 32 33 34 35 36 37 38 39 40 41 42 43 44 45 46 47 48 49 50 51 52 53 54 55 56 57 58 59 60 61 62 63 64 65 66 67 68 69 70 71 72 73 74 75 76 77 78 79 80 81 82 83 84 85 86 87 88 89 90 91 92 93 94 95 96 97 98 99
%"7N`'OaX6<N`751hY0*gkvRSmEZW1}[M5E.</ns_E\@\pk_d6h 49
2 11 12 13 14 16 17 20 21 22 23 24 25 26 27 28 32 34 40 42 43 46 47 48 50 51 52 53 54 55 56 57 62 63 65 66 68 75 77 78 79 81 85 86 88 91 92 95 99
s}GdM4[5ls}ptx-f&\5&GI."n/tc=AaKY)J'V&V^4TODMu+mR?ry 84
0 4 5 8 9 10 11 12 13 14 15 16 17 18 19 20 21 22 23 24 25 26 27 28 29 30 31 32 33 34 35 36 37 38 39 40 41 42 43 44 45 46 47 48 49 50 51 52 53 59 61 62 63 64 66 67 68 69 70 73 74 75 76 77 78 79 80 81 82 83 84 86 88 89 90 91 92 93 94 95 96 97 98 99
/3blOugb>)I#U"A?5!VS6H6i1qN!Hicq7Fxe 23
3 4 5 6 7 15 17 22 29 37 45 47 58 65 68 70 76 77 91 92 93 95 97
CPXgr:1QjDO!qz/rC!{wlxSQyd+8T(^vrQxek*QVM"qY{;LY; 58
0 1 2 4 6 7 8 9 10 12 13 15 16 17 20 21 23 28 29 30 32 38 46 48 49 50 51 53 56 58 59 60 61 65 66 67 69 70 71 72 73 74 75 76 77 78 79 80 81 83 85 86 89 90 93 94 97 99
ssH{;|9k~819%&spnm\87`?!tn 11
5 11 12 17 20 25 43 81 82 85 93
s}GdM4[5ls}ptx-f&\5&GI."n/tc=AaKY)J'V&V^4TODMu+mR?ry 41
3 13 14 15 16 17 18 20 24 25 26 27 30 31 34 36 40 42 44 49 51 52 54 58 60 61 62 64 65 66 68 72 81 83 88 89 90 92 93 95 98
MC}z~)Y_r@w%!t#^D*S91ECG/]7xc6N2rfGqn;Q{[J"u?$U| 65
0 2 3 4 5 9 10 11 13 14 15 17 19 20 21 22 23 25 27 29 31 32 33 36 40 41 42 43 45 46 47 48 49 50 51 54 55 56 58 59 64 65 66 68 69 70 71 72 73 74 75 77 79 80 81 82 83 84 88 89 90 94 95 97 99
CtfCujJMPfDG[SO==,[h+II'_|'.w6D<EF^;1)gz*GBd5,<k7vT\@||~5%G 99
0 1 2 4 5 6 7 8 9 10 11 12 13 14 15 16 17 18 19 20 21 22 23 24 25 26 27 28 29 30 31 32 33 34 35 36 37 38 39 40 41 42 43 44 45 46 47 48 49 50 51 52 53 54 55 56 57 58 59 60 61 62 63 64 65 66 67 68 69 70 71 72 73 74 75 76 77 78 79 80 81 82 83 84 85 86 87 88 89 90 91 92 93 94 95 96 97 98 99
!6qJEo"!RLZt1`LPQE}'sBmjM[W'ik 62
3 4 7 10 11 12 13 14 15 17 18 19 20 21 22 23 27 28 29 30 31 32 33 34 35 36 37 39 43 45 48 49 50 52 54 55 56 60 63 64 65 66 67 68 69 70 72 73 76 79 81 84 86 87 88 90 94 95 96 97 98 99
/3blOugb>)I#U"A?5!VS6H6i1qN!Hicq7Fxe 51
4 5 7 8 9 10 12 18 22 26 27 28 34 35 38 40 42 43 46 47 48 49 50 52 53 57 66 67 68 69 71 72 73 79 81 83 84 85 86 87 88 89 90 91 92 93 94 95 97 98 99
:'IxLB4\d6qmvOlFZ)2-~ehY|er3%U@X[hQBE 29
1 2 5 8 11 18 31 39 43 48 52 55 58 59 67 68 75 76 77 78 80 82 84 85 86 89 90 91 99
"_~UMDJ?oH6= 61
1 2 5 6 7 10 13 14 16 17 18 22 23 24 27 31 32 34 35 36 37 38 39 40 41 42 43 44 45 46 47 48 49 50 51 52 53 54 57 58 59 60 61 65 66 69 73 74 75 76 78 82 83 85 86 87 88 93 94 95 99
"G{<.pppC4L|A==?D0x+OF]LXzm=+u=,>:ae+SVg">~BZ<z 59
0 1 2 3 5 8 10 11 12 13 14 18 21 22 25 28 31 37 38 39 40 41 44 48 49 50 51 55 58 59 60 61 62 63 64 65 66 67 68 69 70 71 72 73 74 75 76 78 79 80 85 86 87 89 91 92 95 98 99
b&T(%Ob08gsUk"Hk|lGKPk-.Q~o<# 73
1 2 3 4 5 6 7 8 9 11 12 13 14 15 16 17 18 19 20 22 23 24 25 26 27 28 29 30 31 32 33 34 35 39 40 41 47 48 52 53 55 56 57 58 59 60 61 62 63 64 65 66 68 69 70 72 73 75 76 79 80 81 82 84 85 86 87 88 89 91 92 95 96
j2jA1i:_>5+~`Zph&c>hrX!aDA4IEG]JXHj$L 58
0 1 2 3 6 7 8 10 17 21 22 24 25 26 27 28 29 30 31 32 33 36 37 38 41 43 46 47 49 52 56 57 58 59 60 61 63 68 70 71 72 73 75 76 79 80 81 82 83 85 86 87 94 95 96 97 98 99
+re@j|@`BB>Td~J7]u]y~7d8#(bECA)M4))9&bxG& 48
3 4 5 6 7 8 9 11 12 13 15 24 26 27 28 29 31 32 33 34 35 37 48 49 56 61 62 63 64 66 68 69 70 71 77 78 79 80 81 82 84 85 86 87 89 90 95 97
"_~UMDJ?oH6= 63
0 2 3 4 5 6 7 8 9 11 12 13 14 21 22 23 24 25 27 28 29 30 34 35 36 37 38 39 40 41 42 43 44 45 47 53 59 60 61 62 63 64 65 66 67 71 74 75 76 78 79 80 81 82 83 84 86 87 88 89 95 96 99
s}GdM4[5ls}ptx-f&\5&GI."n/tc=AaKY)J'V&V^4TODMu+mR?ry 60
0 1 2 4 7 9 10 13 14 15 16 17 18 19 20 21 25 26 27 28 30 32 33 34 35 37 38 39 40 41 46 53 54 55 56 57 62 65 68 70 71 74 76 77 82 84 85 86 87 88 89 90 91 92 93 95 96 97 98 99
=#V=!cl<|6?[>|2l@:)b]O5a/siQ,I5Hej~fhl=e=v[ 42
2 3 4 5 7 14 15 17 19 20 21 24 28 30 34 35 39 40 42 50 53 54 56 57 59 60 61 62 64 71 73 74 76 82 87 89 90 91 96 97 98 99
}D6+2GY}mOA~[@!^4|^A0cuO<kRm.vlFU=QfdE~Rs@kOyk.HilixP_c'L 68
0 1 2 3 5 7 8 9 10 11 14 16 18 19 20 21 22 23 24 25 26 27 28 33 36 39 40 41 42 43 44 45 46 47 48 49 55 56 58 60 62 63 64 65 66 67 68 69 70 71 72 73 75 78 82 83 84 85 86 87 88 89 90 92 93 94 95 96
Nm'hb0|;Y^Dw4/3>v<4x\TOf6]|!t+g]3)FuRD1,=n?j9k)0(<D 78
0 1 3 5 7 10 11 15 16 17 18 19 20 21 22 23 24 26 27 28 30 32 33 34 35 36 37 38 39 40 41 42 43 44 45 46 48 49 50 51 52 53 55 57 58 59 60 61 62 63 64 66 67 68 69 70 71 72 73 74 75 76 77 78 79 80 81 82 85 87 90 91 92 93 94 95 97 98
%"7N`'OaX6<N`751hY0*gkvRSmEZW1}[M5E.</ns_E\@\pk_d6h 2
21 88
s}GdM4[5ls}ptx-f&\5&GI."n/tc=AaKY)J'V&V^4TODMu+mR?ry 8
1 2 28 39 63 71 80 99
+re@j|@`BB>Td~J7]u]y~7d8#(bECA)M4))9&bxG& 29
6 7 14 20 24 30 31 34 41 43 45 47 49 51 52 58 60 61 64 68 74 75 76 82 84 93 96 98 99
X0`)?UP;ohmug'A;+F/6P|r 63
2 3 5 6 11 13 14 16 18 19 20 21 22 23 24 26 27 29 30 33 34 35 36 37 38 39 40 41 42 43 44 45 46 47 48 49 50 53 57 58 59 61 62 67 68 69 72 73 74 75 76 77 78 79 84 85 86 88 89 90 94 97 99
/)aOB%2~m`a{TeM`/ 64
4 8 11 13 14 15 16 17 18 21 22 23 27 28 29 30 32 33 35 37 38 39 40 41 42 43 44 45 46 47 48 49 50 54 55 56 58 59 60 61 62 63 64 65 66 70 75 76 78 79 80 81 83 84 85 86 87 88 89 90 91 94 95 98
MC}z~)Y_r@w%!t#^D*S91ECG/]7xc6N2rfGqn;Q{[J"u?$U| 13
10 12 18 19 26 50 55 69 70 85 87 93 94
}D6+2GY}mOA~[@!^4|^A0cuO<kRm.vlFU=QfdE~Rs@kOyk.HilixP_c'L 95
0 1 2 3 4 5 6 7 8 9 10 11 12 13 14 15 17 18 19 21 22 26 27 28 29 30 31 32 33 34 35 36 37 38 39 40 41 42 43 44 45 46 47 48 49 50 51 52 53 54 55 56 57 58 59 60 61 62 63 64 65 66 67 68 69 70 71 72 73 74 75 76 77 78 79 80 81 82 83 84 85 86 87 88 89 90 91 92 93 94 95 96 97 98 99
[~A0(`^ioukcfW~/]86@|e,+r\*b4-:nFt~MUwQFn>Do0^}mu5.r5S|)KB&^N? 85
1 2 3 4 5 6 7 8 10 13 14 15 16 17 18 19 22 23 24 25 26 27 28 29 30 31 32 33 34 35 36 37 38 39 40 41 42 43 45 46 47 48 49 50 51 52 53 54 55 56 57 58 59 60 61 62 63 64 65 66 67 68 69 70 72 73 74 75 76 77 78 79 80 81 82 83 84 85 86 87 92 93 95 97 99
ZJ4hTBbx~$o+*Oo?R= 50
4 5 6 9 10 11 12 13 16 18 22 25 27 28 30 31 33 34 35 39 40 42 43 44 45 50 53 54 57 59 60 61 62 67 72 73 74 77 78 82 83 84 85 86 87 88 89 90 92 96
+re@j|@`BB>Td~J7]u]y~7d8#(bECA)M4))9&bxG& 1
37
:'IxLB4\d6qmvOlFZ)2-~ehY|er3%U@X[hQBE 39
0 3 4 5 6 7 12 14 15 16 20 23 25 26 28 32 33 35 36 47 50 51 60 62 64 67 69 72 74 75 77 85 86 87 90 94 95 96 97
|(r@f%38|3>'dtm 25
3 7 9 10 23 25 26 35 36 39 41 46 47 48 53 65 68 71 72 93 95 96 97 98 99
[~A0(`^ioukcfW~/]86@|e,+r\*b4-:nFt~MUwQFn>Do0^}mu5.r5S|)KB&^N? 50
1 7 8 10 11 15 17 18 19 22 23 24 26 28 34 35 38 39 43 44 45 54 55 56 57 60 61 62 63 64 65 66 67 68 69 70 74 75 76 77 80 82 87 88 94 95 96 97 98 99
MVJ56sT&Wi\O^'bat%En>HxcQcS 99
0 1 2 3 4 5 6 7 8 9 10 11 12 13 14 15 16 17 18 19 20 21 22 23 24 25 26 27 28 29 30 31 32 34 35 36 37 38 39 40 41 42 43 44 45 46 47 48 49 50 51 52 53 54 55 56 57 58 59 60 61 62 63 64 65 66 67 68 69 70 71 72 73 74 75 76 77 78 79 80 81 82 83 84 85 86 87 88 89 90 91 92 93 94 95 96 97 98 99
Nm'hb0|;Y^Dw4/3>v<4x\TOf6]|!t+g]3)FuRD1,=n?j9k)0(<D 21
2 5 6 7 17 19 27 44 47 53 58 61 69 73 75 77 84 87 90 95 97
fsD6:"{r7iJB`gg9<J9F8+H9HGt#}p;~d^5:yKG26pm1rUc/:7nQA7%hx 43
0 1 2 3 14 19 23 24 29 38 39 40 42 48 49 51 52 53 54 55 56 57 58 59 60 61 65 69 70 72 74 75 76 81 82 83 87 88 90 92 94 95 97
j2jA1i:_>5+~`Zph&c>hrX!aDA4IEG]JXHj$L 33
1 2 3 4 11 12 13 14 15 18 19 20 21 22 23 24 27 29 44 48 50 51 52 54 57 71 72 76 79 81 93 95 99
fsD6:"{r7iJB`gg9<J9F8+H9HGt#}p;~d^5:yKG26pm1rUc/:7nQA7%hx 83
0 1 2 3 4 5 6 7 8 10 11 12 13 14 15 16 17 18 19 20 21 22 23 25 26 27 29 30 31 32 33 36 37 38 39 41 42 44 45 46 47 48 49 50 51 52 53 54 55 56 57 58 59 60 62 63 64 65 66 67 69 70 74 76 78 79 80 81 82 83 84 85 87 89 91 92 93 94 95 96 97 98 99
Nm'hb0|;Y^Dw4/3>v<4x\TOf6]|!t+g]3)FuRD1,=n?j9k)0(<D 77
0 1 2 3 6 7 8 9 10 11 12 13 14 15 16 17 18 19 20 21 22 23 24 25 26 27 28 29 32 36 39 40 44 45 46 47 49 50 51 52 53 54 55 56 59 61 62 63 64 65 66 67 68 69 71 72 73 74 75 76 77 78 79 80 81 83 87 88 89 91 93 94 95 96 97 98 99
=#V=!cl<|6?[>|2l@:)b]O5a/siQ,I5Hej~fhl=e=v[ 23
4 7 10 13 17 28 29 33 36 39 44 50 51 57 58 63 64 67 76 78 82 84 89
j2jA1i:_>5+~`Zph&c>hrX!aDA4IEG]JXHj$L 28
1 2 3 4 5 10 12 13 15 19 29 32 35 38 41 44 45 48 53 55 56 62 67 68 69 71 85 86
l\gY9Oify;W-P3eP5lY,"Ys.L 44
0 1 3 8 11 15 18 21 22 26 27 28 38 39 40 41 47 48 49 51 53 54 56 58 61 62 67 68 69 74 75 76 77 78 81 82 83 86 87 94 95 97 98 99
s}GdM4[5ls}ptx-f&\5&GI."n/tc=AaKY)J'V&V^4TODMu+mR?ry 95
0 1 2 3 4 5 6 7 8 10 11 12 13 14 15 16 17 18 19 20 21 22 23 24 25 26 27 28 29 30 31 32 33 34 35 36 37 38 39 40 41 42 43 44 45 46 47 48 49 50 51 52 53 54 55 56 57 58 59 60 61 62 63 64 65 66 67 68 69 70 71 72 73 74 75 76 77 78 79 80 81 82 83 84 85 86 87 88 89 90 91 92 93 98 99
Nm'hb0|;Y^Dw4/3>v<4x\TOf6]|!t+g]3)FuRD1,=n?j9k)0(<D 76
3 4 5 6 7 9 10 11 12 13 14 15 16 17 18 19 20 21 22 23 24 25 26 27 28 29 30 31 32 33 34 35 36 37 38 39 40 41 42 43 44 45 46 47 48 49 50 51 52 53 61 62 63 64 65 67 68 69 72 75 76 77 78 79 80 83 84 85 86 90 92 93 94 95 96 97
7iQ`</p4CpJB)fIj,',OSYWurwY'Y^Xob*k9R\f0M1QV3y[>!g(n[y~h-XoeQHp 93
3 4 5 6 7 8 9 10 11 12 13 14 15 16 17 18 19 20 21 22 23 24 25 26 27 28 29 30 31 32 33 34 35 36 37 38 39 40 41 42 43 44 45 46 47 48 49 50 51 52 53 54 55 56 57 58 59 60 61 62 63 64 65 66 67 68 69 70 71 72 73 74 75 76 77 78 79 80 81 82 83 84 85 86 87 88 89 90 93 94 95 97 99
[~A0(`^ioukcfW~/]86@|e,+r\*b4-:nFt~MUwQFn>Do0^}mu5.r5S|)KB&^N? 91
0 1 2 3 4 5 6 7 8 9 10 11 13 14 15 16 17 18 19 20 21 22 23 24 25 26 27 28 32 33 34 35 36 37 38 39 40 41 42 43 44 45 46 47 51 52 53 54 55 56 57 58 59 60 61 62 63 64 65 66 67 68 69 70 71 72 73 74 75 76 77 78 79 80 81 82 83 84 85 86 87 88 89 90 91 93 94 95 96 98 99
RB[@rU 29
3 4 5 6 9 15 16 18 19 24 26 27 32 46 51 53 59 60 64 65 68 75 85 87 90 93 94 95 96
MC}z~)Y_r@w%!t#^D*S91ECG/]7xc6N2rfGqn;Q{[J"u?$U| 13
9 17 18 32 33 37 43 60 61 63 69 82 90
/5f\%yHJ$!nr1g,9]ZFjo4$3^E8W.q@<AA3E;[o>[x1'`=? 95
0 1 2 3 4 5 6 7 8 9 10 11 12 13 14 15 16 17 18 19 20 21 22 23 24 25 26 27 28 29 30 31 32 33 34 35 36 37 38 39 40 41 42 43 44 45 46 47 48 49 50 51 52 53 54 55 60 61 63 64 65 66 67 68 69 70 71 72 73 74 75 76 77 78 79 80 81 82 83 84 85 86 87 88 89 90 91 92 93 94 95 96 97 98 99
|(r@f%38|3>'dtm 31
8 9 10 11 12 16 26 27 29 31 33 34 35 36 44 48 54 58 60 64 65 68 73 76 78 79 81 83 84 94 95
!6qJEo"!RLZt1`LPQE}'sBmjM[W'ik 19
1 5 6 11 28 32 46 47 50 56 59 66 68 70 71 73 79 82 89
CPXgr:1QjDO!qz/rC!{wlxSQyd+8T(^vrQxek*QVM"qY{;LY; 20
4 12 13 23 31 32 37 50 53 59 60 64 65 66 76 79 82 95 96 97
CtfCujJMPfDG[SO==,[h+II'_|'.w6D<EF^;1)gz*GBd5,<k7vT\@||~5%G 50
1 2 4 5 6 7 15 16 18 19 20 24 26 27 29 30 31 32 33 35 37 43 44 45 47 49 50 51 52 53 54 55 56 62 72 76 77 78 80 81 82 84 85 86 90 92 93 97 98 99
:'IxLB4\d6qmvOlFZ)2-~ehY|er3%U@X[hQBE 43
2 5 9 10 11 13 19 20 22 23 25 26 34 41 44 47 48 54 55 56 62 67 68 69 70 71 72 75 76 79 81 82 83 84 85 87 88 89 90 93 94 95 97
[~A0(`^ioukcfW~/]86@|e,+r\*b4-:nFt~MUwQFn>Do0^}mu5.r5S|)KB&^N? 39
4 5 11 12 16 20 28 29 33 35 39 40 45 49 51 54 60 64 66 67 68 72 75 76 77 80 81 82 83 85 87 88 92 93 94 95 96 97 98
"_~UMDJ?oH6= 90
0 1 2 3 4 5 6 7 8 9 10 13 16 17 18 19 20 21 22 23 24 25 26 27 28 29 30 31 32 33 34 35 36 37 38 39 40 41 42 43 44 45 46 47 48 49 50 51 52 53 54 55 56 57 58 59 60 61 62 64 65 66 67 68 69 70 71 72 73 74 75 76 77 78 79 80 82 84 85 86 87 88 89 90 91 93 94 96 97 99
Nm'hb0|;Y^Dw4/3>v<4x\TOf6]|!t+g]3)FuRD1,=n?j9k)0(<D 87
0 1 2 3 4 5 6 7 8 9 10 11 12 13 14 15 16 17 18 19 20 21 22 23 24 25 26 27 28 29 30 31 32 33 34 37 38 39 40 41 42 43 44 49 50 51 52 53 54 55 56 57 58 59 60 61 62 63 64 65 66 67 68 69 70 71 72 73 74 75 76 77 78 79 80 81 82 87 88 91 92 93 94 95 96 98 99
!6qJEo"!RLZt1`LPQE}'sBmjM[W'ik 89
0 1 2 3 5 7 9 10 11 12 13 14 15 16 17 18 19 20 21 22 23 24 25 26 27 28 29 30 31 32 33 34 35 36 37 38 39 40 41 42 43 44 45 46 47 48 49 50 51 52 53 55 56 57 58 59 60 61 62 63 64 65 66 67 68 69 70 71 74 75 76 77 78 79 80 81 82 83 84 85 86 87 90 91 92 96 97 98 99
ZJ4hTBbx~$o+*Oo?R= 86
0 1 2 3 4 5 6 7 8 9 10 11 12 13 14 15 16 17 18 19 20 21 22 23 24 25 26 28 29 30 31 32 33 34 35 36 37 38 40 41 42 43 44 45 49 51 52 53 54 55 56 57 58 59 64 65 66 67 68 69 70 71 72 73 74 75 76 77 78 79 80 81 82 83 84 85 86 87 88 89 90 91 92 94 95 96
ZJ4hTBbx~$o+*Oo?R= 5
19 27 68 76 90
ssH{;|9k~819%&spnm\87`?!tn 57
0 2 3 4 7 9 10 13 15 19 20 21 25 29 30 31 33 34 36 40 41 46 48 52 53 55 56 57 58 59 61 62 64 65 66 67 68 69 74 75 76 81 82 83 84 85 86 87 88 90 91 92 93 94 95 97 99
"G{<.pppC4L|A==?D0x+OF]LXzm=+u=,>:ae+SVg">~BZ<z 33
4 5 8 9 10 14 15 19 22 24 25 26 28 37 38 40 41 44 46 55 58 59 60 63 67 73 74 77 79 80 85 89 99
}D6+2GY}mOA~[@!^4|^A0cuO<kRm.vlFU=QfdE~Rs@kOyk.HilixP_c'L 15
0 10 11 12 13 19 54 60 62 69 70 71 73 74 95
ssH{;|9k~819%&spnm\87`?!tn 34
9 10 11 12 14 16 17 18 24 26 31 33 36 42 44 45 47 58 59 61 64 65 74 80 81 82 83 84 88 91 92 93 97 99
=#V=!cl<|6?[>|2l@:)b]O5a/siQ,I5Hej~fhl=e=v[ 84
0 1 2 3 4 5 6 7 8 9 10 11 12 13 14 15 16 17 18 19 20 21 22 23 24 25 26 28 31 33 35 36 37 38 39 40 41 43 44 45 47 48 49 51 52 54 55 56 61 62 63 64 65 66 67 69 70 71 72 73 74 76 78 79 80 81 82 83 84 85 86 87 88 89 90 91 92 93 94 95 96 97 98 99
ssH{;|9k~819%&spnm\87`?!tn 82
0 1 2 3 4 5 6 7 8 9 10 11 12 13 14 15 16 17 18 19 20 21 22 26 27 28 29 30 31 32 34 35 42 43 44 45 47 48 49 50 52 53 54 55 56 57 58 59 60 61 62 63 64 65 66 67 68 69 70 71 72 73 74 75 78 79 81 84 85 87 88 89 90 91 92 93 94 95 96 97 98 99
/5f\%yHJ$!nr1g,9]ZFjo4$3^E8W.q@<AA3E;[o>[x1'`=? 34
2 5 9 10 15 22 27 30 31 36 38 39 40 41 42 45 46 50 54 56 57 58 59 67 75 82 86 87 88 89 91 92 96 99
X0`)?UP;ohmug'A;+F/6P|r 14
6 9 14 26 28 37 47 54 57 68 71 74 80 95
ssH{;|9k~819%&spnm\87`?!tn 38
12 17 19 20 21 26 28 29 33 34 35 38 39 41 42 43 48 54 58 60 64 65 67 69 70 73 74 76 80 82 85 86 87 88 91 92 93 96
X0`)?UP;ohmug'A;+F/6P|r 90
0 1 2 3 4 5 7 8 10 11 12 15 16 17 18 19 20 21 22 23 24 25 26 27 28 29 31 33 35 36 37 38 39 40 41 42 43 44 45 46 47 48 49 50 51 52 53 54 55 56 57 58 59 60 61 62 63 66 67 68 69 70 71 72 73 74 75 76 77 78 79 80 81 82 83 84 85 86 88 89 90 91 92 93 94 95 96 97 98 99
!6qJEo"!RLZt1`LPQE}'sBmjM[W'ik 83
0 2 6 8 9 11 12 13 14 15 16 17 18 19 20 21 22 23 24 25 26 27 28 29 30 31 32 33 34 35 36 37 38 39 40 41 42 43 44 45 46 47 48 49 51 52 53 54 55 57 60 61 63 67 68 70 71 73 74 75 76 77 78 79 80 81 83 84 85 86 87 88 89 90 91 92 93 94 95 96 97 98 99
l\gY9Oify;W-P3eP5lY,"Ys.L 35
2 3 7 11 12 13 15 16 18 25 26 33 42 43 44 53 60 61 66 67 68 69 71 75 76 77 78 79 80 83 85 87 89 93 98
/5f\%yHJ$!nr1g,9]ZFjo4$3^E8W.q@<AA3E;[o>[x1'`=? 21
1 7 8 20 26 28 29 41 45 49 51 54 66 71 77 80 83 89 90 92 96
!6qJEo"!RLZt1`LPQE}'sBmjM[W'ik 86
0 4 5 6 7 8 9 10 11 13 15 16 19 20 21 22 23 24 25 26 27 28 29 30 31 32 33 34 35 36 37 38 39 40 41 42 44 45 46 47 48 49 50 51 52 53 54 56 57 58 59 60 61 62 64 65 66 67 68 69 70 71 72 73 74 75 76 77 78 79 80 81 82 83 85 86 87 88 89 90 91 92 93 94 96 99
CPXgr:1QjDO!qz/rC!{wlxSQyd+8T(^vrQxek*QVM"qY{;LY; 24
2 18 20 21 23 33 41 42 44 45 46 60 66 67 68 69 76 80 85 86 88 91 93 94
X0`)?UP;ohmug'A;+F/6P|r 19
3 16 17 23 29 38 40 43 44 49 61 68 69 74 79 81 86 89 95
[~A0(`^ioukcfW~/]86@|e,+r\*b4-:nFt~MUwQFn>Do0^}mu5.r5S|)KB&^N? 58
0 1 2 3 4 5 6 7 12 19 21 22 26 27 28 30 31 32 33 34 35 36 37 38 39 40 41 43 45 49 51 52 54 55 57 59 60 63 65 66 68 69 70 71 75 78 80 81 85 86 89 90 91 92 93 97 98 99
