68
FBPcZjmabFmH 8
62 62 62 62 62 62 62 62
ua 24
26 50 43 60 15 36 35 11 16 55 2 54 45 53 17 6 44 29 30 49 65 24 8 59
BGPuCZNVqs 6
19 39 28 42 28 42
rwxGNpgZ 11
38 57 9 12 33 58 20 24 42 44 32
AwPUk 7
41 44 49 35 58 41 44
jdr 4
50 20 20 20
VKLWkyWJHEwNZI 24
8 53 47 22 39 67 36 11 31 25 28 20 12 64 27 10 26 65 38 32 4 35 3 42
IHkiPWmNO 9
48 2 25 22 56 33 54 0 53
ao 9
35 55 44 30 9 53 13 12 24
qmL 0
24
JfuQYyLq 23
19 51 2 64 67 55 44 0 31 62 35 23 52 15 25 32 53 47 39 58 11 34 18
EuMPsKAbPdrHWzm 18
53 25 41 63 38 30 22 58 42 39 60 66 46 24 14 12 2 21
wbJfbmeeKRc 14
2 51 29 26 9 39 46 19 33 42 34 44 48 27
LiDtuhrBReNYtHo 9
43 42 36 45 45 43 42 43 43
Sl 11
13 41 45 44 60 18 15 20 2 9 24
RP 0
64
qAPOIO 8
34 25 60 42 9 31 35 42
UBpSmyBGUIpp 17
33 26 19 56 36 44 15 60 40 34 53 58 18 37 41 64 25
LSzwNLu 9
26 4 9 13 35 58 4 35 58
vNyiGReL 1
5
Y 0
41
LY 10
31 57 9 44 41 29 45 42 19 50
IEzoNZfOIldwZw 21
54 4 38 53 51 9 66 16 47 48 14 41 62 49 65 32 45 12 50 59 29
AjxZPobtaltM 7
41 41 41 41 41 41 41
iJjKgsYIJlZOghk 14
41 42 9 31 32 15 25 2 49 28 26 20 38 33
ukcv 11
49 42 19 36 31 28 66 44 29 45 39
MGmAxecwtTQx 3
45 58 42
Vpfolye 9
9 19 58 23 41 39 50 54 51
rrwtPYiYsKuQLes 6
45 45 45 45 45 45
bNm 6
42 50 46 46 42 42
xHuWVZle 20
37 59 67 28 64 56 35 58 31 9 18 24 27 53 12 43 50 20 26 5
xaiSj 4
49 50 23 44
lkjgpEnlFH 0
42
ycUgZXNI 12
62 46 5 42 9 29 50 65 31 60 48 54
GdmL 8
25 25 25 25 25 25 25 25
LpCwMUkQpLdnn 11
49 15 50 5 44 2 29 42 26 36 39
Cx 9
46 41 46 46 41 41 41 46 41
kkqykqFJNfYAs 15
53 29 63 32 15 21 58 26 12 46 47 36 49 64 27
SaIeDF 9
9 32 60 39 23 42 66 54 58
oFLSfsiXPlz 4
58 57 46 58
MZUbUaS 14
67 16 58 47 15 54 14 66 46 35 60 53 51 25
jtPqnlBYs 1
58
VU 0
27
mULZSAcehg 8
60 60 60 60 60 60 60 60
RdQHdNUoualYJa 0
53
XvuSdsN 9
58 42 15 51 19 57 50 51 42
rahdXcNGEkQRVVW 0
51
FHobzOZhz 19
33 13 49 64 54 46 14 38 26 34 53 32 4 57 3 16 60 23 58
KuipgTtnMzKumw 15
43 45 9 35 57 23 25 50 0 42 13 49 58 65 66
dhMzqHBtgmMI 7
46 46 46 46 46 46 46
lCTaqfTcSbIqN 0
22
hQIyWpFPIcyuX 5
50 50 50 50 50
oEHyHGDl 8
41 29 64 53 21 31 44 49
EbCaRkKHW 0
60
JeICzDAPwe 7
50 9 42 26 51 44 44
sUJiJznOpWmOl 9
23 42 2 53 34 13 59 57 18
ypuPvar 12
51 60 53 49 3 62 58 9 41 2 65 38
VEECiytgSsgKxBQ 5
49 49 49 49 49
oLFMXULTzkibG 7
15 15 15 15 15 15 15
xPl 15
12 32 45 67 28 53 48 3 31 36 16 20 63 54 5
KyhI 6
51 49 57 42 36 51
yLUoIrDwCnf 15
3 27 32 31 16 48 44 33 20 63 46 49 53 54 21
t 9
15 57 28 20 26 58 9 51 26
wAArvrLliFfT 7
50 41 26 9 51 50 50
sLymze 15
38 13 9 66 14 53 27 48 58 44 24 12 51 65 35
TmuiJFBFtpYp 12
32 49 25 28 58 50 9 29 34 2 4 60
DPmwSc 8
58 29 51 44 39 49 5 32
MEo 12
46 44 14 29 65 32 13 42 35 3 53 2
