36
dakxxGZbfJj 0
43
zkxQIYkexvc 0
23
ceNTYsHV 23
31 10 27 3 22 11 16 35 21 4 15 17 19 25 9 29 8 23 32 5 33 20 18
ccJqoYBKj 8
4 10 35 14 25 34 34 34
ghVxeGZjTfFg 8
28 34 25 10 14 0 28 28
iWuNMOKxKIPF 26
7 8 1 27 10 17 24 13 34 11 18 35 16 4 23 25 31 30 32 14 9 6 15 26 19 33
zbEOEHDM 27
7 32 18 22 4 20 28 11 35 8 27 15 23 13 24 33 0 29 19 21 1 17 34 16 26 12 10
Bye 0
61
fpqCTesRCLjPAr 14
11 14 1 12 4 28 7 3 35 33 34 26 25 10
A 24
7 27 30 21 32 16 18 13 15 17 31 33 25 8 3 26 29 4 14 23 34 1 10 22
wmJXhQHl 0
16
cNDPYiHrGo 8
34 4 10 7 12 3 14 7
p 8
3 10 7 26 4 25 35 34
hvM 29
3 1 23 24 34 25 28 31 10 33 19 32 18 29 7 4 20 30 12 8 16 17 22 11 21 27 26 14 0
gHQBOPVabkoO 0
61
GIQI 25
22 20 11 1 33 21 24 17 8 34 3 7 35 16 28 25 26 27 31 32 19 12 29 23 0
DiGH 25
17 8 11 12 29 32 22 7 24 35 0 14 28 20 31 4 18 33 21 19 1 30 10 25 34
IyrcvzHylgo 25
23 0 3 20 19 14 29 34 33 26 24 32 25 22 30 7 31 4 18 27 21 28 11 8 12
HvnYTRbAWbKhYno 23
34 12 14 21 3 28 1 22 35 24 33 31 29 32 8 23 26 30 20 19 25 27 10
kdlIKlHs 21
32 11 35 34 3 29 8 27 21 20 24 0 31 28 10 22 23 12 7 4 33
cAsFZeOOHEBtle 18
33 34 23 31 22 10 32 4 24 30 14 27 3 25 8 29 35 21
uz 20
28 34 7 10 11 22 4 29 23 27 30 24 26 33 25 31 32 8 3 0
lgTEf 19
33 1 32 0 29 30 10 4 24 11 28 34 7 8 27 25 35 31 3
FjZlNEAdidwU 19
1 3 27 34 32 11 33 14 26 35 25 30 0 10 7 4 29 8 31
urCyoUZhx 20
12 26 8 33 14 34 30 31 10 11 0 7 35 3 4 28 27 29 32 25
oPGrjVspsUUsV 0
38
PTVxMMGvSVs 8
25 14 34 14 34 14 14 14
ZHdIccLXNzR 20
12 35 25 3 30 29 8 28 26 31 11 10 4 0 14 32 7 33 34 1
wRgMNOZ 0
2
vRkVI 15
31 35 30 34 8 7 14 1 3 28 10 11 4 32 25
ZTkiRjJv 15
12 32 26 31 3 25 28 1 34 10 33 7 35 14 8
NQSB 14
12 33 4 7 32 8 35 25 28 26 10 11 3 14
APp 0
29
bsDfqkpNLC 13
28 11 0 7 4 3 10 34 25 1 35 12 14
dPGCxBPxovIp 0
60
PifPSbzvmaXN 7
34 10 25 34 10 34 25
